3 2
7 5
17 12
41 29
99 70
239 169
577 408
1393 985
3363 2378
8119 5741
19601 13860
47321 33461
114243 80782
275807 195025
665857 470832
1.607521e+06 1.136689e+06
3.880899e+06 2.74421e+06
9.369319e+06 6.625109e+06
2.2619537e+07 1.5994428e+07
5.4608393e+07 3.8613965e+07
1.31836323e+08 9.3222358e+07
3.18281039e+08 2.25058681e+08
7.68398401e+08 5.4333972e+08
1.855077841e+09 1.311738121e+09
4.478554083e+09 3.166815962e+09
1.0812186007e+10 7.645370045e+09
2.6102926097e+10 1.8457556052e+10
6.3018038201e+10 4.4560482149e+10
1.52139002499e+11 1.0757852035e+11
3.67296043199e+11 2.59717522849e+11
8.86731088897e+11 6.27013566048e+11
2.140758220993e+12 1.513744654945e+12
5.168247530883e+12 3.654502875938e+12
1.2477253282759e+13 8.822750406821e+12
3.0122754096401e+13 2.130000368958e+13
7.2722761475561e+13 5.1422757785981e+13
1.75568277047523e+14 1.24145519261542e+14
4.23859315570607e+14 2.99713796309065e+14
1.023286908188737e+15 7.23573111879672e+14
2.470433131948081e+15 1.746860020068409e+15
5.964153172084899e+15 4.21729315201649e+15
1.4398739476117878e+16 1.0181446324101388e+16
3.4761632124320652e+16 2.4580185800219264e+16
8.392200372475918e+16 5.934181792453992e+16
2.0260563957383904e+17 1.432638216492991e+17
4.8913328287243725e+17 3.458694612231382e+17
1.1808722053187136e+18 8.350027440955754e+17
2.8508776935098644e+18 2.015874949414289e+18
6.882627592338442e+18 4.866752642924153e+18
1.6616132878186748e+19 1.1749380235262595e+19
4.011489334871194e+19 2.836551311344934e+19
9.684591957561062e+19 6.848040646216128e+19
2.338067324999332e+20 1.653263260377719e+20
5.64459384575477e+20 3.991330585377051e+20
1.3627255016508872e+21 9.635924431131821e+20
3.2899103878772514e+21 2.3263179447640693e+21
7.94254627740539e+21 5.616228332641321e+21
1.917500294268803e+22 1.355877461004671e+22
4.629255216278145e+22 3.273377755273474e+22
1.1176010726825094e+23 7.902632971551619e+22
2.6981276669928333e+23 1.9078643698376713e+23
6.513856406668176e+23 4.6059920368305046e+23
1.5725840480329185e+24 1.111984844349868e+24
3.796553736732654e+24 2.6845688923827863e+24
9.165691521498227e+24 6.48112262911544e+24
2.2127936779729106e+25 1.5646814150613667e+25
5.342156508095644e+25 3.777475093034277e+25
1.2897106694164197e+26 9.119631601129921e+25
3.113636989642404e+26 2.2016738295294117e+26
7.516984648701227e+26 5.315310819171816e+26
1.814760628704486e+27 1.2832295467873044e+27
4.381219722279095e+27 3.0979901754917904e+27
1.0577200073262676e+28 7.479209897770885e+27
2.5535619868804445e+28 1.805640997103356e+28
6.164843981087157e+28 4.359202983983801e+28
1.4883249949054759e+29 1.0524046965070957e+29
3.593134387919667e+29 2.5407296914125716e+29
8.67459377074481e+29 6.1338640793322386e+29
2.094232192940929e+30 1.480845785007705e+30
5.0559237629563393e+30 3.575077977948634e+30
1.2206079718853607e+31 8.631001740904973e+30
2.9468083200663554e+31 2.083708145975858e+31
7.114224612018071e+31 5.030516466042214e+31
1.7175257544102497e+32 1.2144741078060285e+32
4.146473970022306e+32 2.931999862216278e+32
1.0010473694454863e+33 7.078473832238584e+32
2.4167421358932035e+33 1.708894752669345e+33
5.834531641231894e+33 4.1256368885625483e+33
1.4085805418356992e+34 9.960168529794443e+33
3.400614247794588e+34 2.4045973948151437e+34
8.2098090374248755e+34 5.805211642609732e+34
1.982023232264434e+35 1.4015020680034606e+35
4.785027368271355e+35 3.3835253002678946e+35
1.1552077968807144e+36 8.168552668539249e+35
2.788918330588564e+36 1.972063063734639e+36
6.733044458057843e+36 4.760981394323203e+36
1.6255007246704251e+37 1.1494025852381047e+37
3.9243058951466346e+37 2.77490330990853e+37
9.474112514963695e+37 6.699209205055164e+37
2.2872530925074024e+38 1.617332172001886e+38
5.521917436511174e+38 3.904585264509288e+38
1.3331087965529751e+39 9.426502701020463e+38
3.2184093367570674e+39 2.2757590666550212e+39
7.76992747006711e+39 5.494168403412089e+39
1.875826427689129e+40 1.32640958734792e+40
4.52864560238497e+40 3.2022360150370493e+40
1.0933117632459069e+41 7.730881617422019e+40
2.6394880867303107e+41 1.866399924988109e+41
6.3722879367065284e+41 4.5058880117184196e+41
1.5384063960143368e+42 1.0878175948424948e+42
3.7140415856993267e+42 2.6262239908568317e+42
8.96648956741299e+42 6.340265576556158e+42
2.1647020720525306e+43 1.5306755143969148e+43
5.22605310084636e+43 3.6953775864494453e+43
1.261680827374525e+44 8.921430687295806e+43
3.045966964833686e+44 2.1538238961041056e+44
7.353614757041898e+44 5.199790860937792e+44
1.775319647891748e+45 1.2553405617979689e+45
4.286000771487686e+45 3.030660209689717e+45
1.034732119086712e+46 7.316660981177402e+45
2.4980643153221927e+46 1.7663982172044522e+46
6.030860749731097e+46 4.264462532526645e+46
1.4559785814784386e+47 1.029532328225774e+47
3.5150432379299868e+47 2.4855109097042127e+47
8.486065057338413e+47 6.0005541476341995e+47
2.0487173352606813e+48 1.4486619204972612e+48
4.9460411762552034e+48 3.4973792557579424e+48
1.1940799687771088e+49 8.443420432013146e+48
2.8827640551797384e+49 2.0384220119784235e+49
6.959608079136585e+49 4.921186067158162e+49
1.680198021345291e+50 1.1880794146294747e+50
4.0563568506042405e+50 2.8682774359747657e+50
9.792911722553773e+50 6.924634286579007e+50
2.3642180295711786e+51 1.6717546009132778e+51
5.707727231397734e+51 4.0359726304844564e+51
1.3779672492366648e+52 9.743699861882191e+51
3.326707221613103e+52 2.352337235424884e+52
8.031381692462871e+52 5.679044457037987e+52
1.9389470606538845e+53 1.3710426149500857e+53
4.681032290554056e+53 3.3099896756039702e+53
1.1301011641761997e+54 7.991021966158026e+53
2.7283055574078048e+54 1.9292033607920023e+54
6.58671227899181e+54 4.657508918199807e+54
1.5901730115391424e+55 1.1244221197191616e+55
3.8390172509774653e+55 2.7145951312583037e+55
9.268207513494073e+55 6.553612382235769e+55
2.237543227796561e+56 1.5821819895729842e+56
5.401907206942529e+56 3.819725217369545e+56
1.304135764168162e+57 9.221632424312075e+56
3.148462249030577e+57 2.2262990065993697e+57
7.601060262229316e+57 5.3747612556299465e+57
1.835058277348921e+58 1.2975821517859263e+58
4.430222580920773e+58 3.132640429134847e+58
1.0695503439190466e+59 7.56286301005562e+58
2.5821229459301705e+59 1.8258366449246086e+59
6.233796235779388e+59 4.407959590854779e+59
1.5049715417488947e+60 1.0641755826634167e+60
3.633322707075728e+60 2.5691471244123116e+60
8.77161695590035e+60 6.20246983148804e+60
2.117655661887643e+61 1.497408678738839e+61
5.112473019365321e+61 3.6150643406264815e+61
1.2342601700618284e+62 8.727537359991802e+61
2.9797676420601886e+62 2.1070139060610086e+62
7.193795454182206e+62 5.086781548121197e+62
1.73673585504246e+63 1.2280577002303402e+63
4.192851255503141e+63 2.9647935552728003e+63
1.0122438366048741e+64 7.157644810775942e+63
2.4437727987600625e+64 1.7280083176824683e+64
5.899789434125e+64 4.171781116442531e+64
1.424335166701006e+65 1.007157055056753e+65
3.438649276814512e+65 2.431492221757759e+65
8.30163372033003e+65 5.870141498572271e+65
2.004191671747457e+66 1.41717752189023e+66
4.8385467155279176e+66 3.421369193637687e+66
1.168128510280329e+67 8.259915909165604e+66
2.82011169211345e+67 1.9941201011968894e+67
6.808351894507229e+67 4.8142317933103395e+67
1.6436815481127907e+68 1.1622583687817569e+68
3.9681982856763045e+68 2.8059399168945476e+68
9.5800781194654e+68 6.774138202570852e+68
2.3128354524607104e+69 1.6354216322036252e+69
5.583678716867961e+69 3.948257084664336e+69
1.3480192886196634e+70 9.531935801532298e+69
3.2544064489261226e+70 2.3012128687728932e+70
7.85683218647191e+70 5.555619317699016e+70
1.896807082186994e+71 1.3412451504170924e+71
4.579297383021179e+71 3.2380522326040867e+71
1.1055401848229352e+72 7.817349615625265e+71
2.669010107947988e+72 1.8872751463854617e+72
6.443560400718912e+72 4.55628525433345e+72
1.5556130909385814e+73 1.0999845655052363e+73
3.755582221949054e+73 2.6555976564438177e+73
9.066777534836691e+73 6.411179878392872e+73
2.1889137291622435e+74 1.5477957413229563e+74
5.284505211808157e+74 3.7367094704852e+74
1.2757924152778555e+75 9.021214682293356e+74
3.0800353517365265e+75 2.177913883507191e+75
7.435863118750908e+75 5.2579492352437175e+75
1.7951761589238343e+76 1.2693812353994626e+76
4.333938629722759e+76 3.064557394323297e+76
1.0463053418369353e+77 7.398496024046056e+76
2.5260045466461465e+77 1.786154944241541e+77
6.098314435129228e+77 4.312159490887687e+77
1.4722633416904603e+78 1.0410473926016916e+78
3.5543581268938435e+78 2.513310734292152e+78
8.580979595478148e+78 6.0676688611859955e+78
2.071631731785014e+79 1.4648648456664143e+79
5.001361423117843e+79 3.536496577451428e+79
1.2074354578020697e+80 8.537858000569271e+79
2.9150070579159236e+80 2.0612212578589967e+80
7.037449573633917e+80 4.97622831577492e+80
1.6989906205183757e+81 1.2013677889408836e+81
4.101726198400143e+81 2.9003584094592595e+81
9.902443017318662e+81 7.002084607859402e+81
2.3906612233037464e+82 1.6904527625178063e+82
5.771566748339359e+82 4.0811139858215524e+82
1.3933794719982464e+83 9.852680734160911e+82
3.3639156188304283e+83 2.3786475454143375e+83
8.121210709659103e+83 5.742563164244765e+83
1.9606337038148636e+84 1.3863773873903868e+84
4.733388478595637e+84 3.3470110912052504e+84
1.1427410661006139e+85 8.080399569800888e+84
2.758820980060791e+85 1.9507810230807025e+85
6.660383026222196e+85 4.7096020031414936e+85
1.6079587032505185e+86 1.136998502936369e+86
3.8819557091232567e+86 2.7449572061868876e+86
9.371870121497032e+86 6.626912915310144e+86
2.262569595211732e+87 1.5998783036807176e+87
5.462326202573167e+87 3.8624478988924495e+87
1.3187222000358066e+88 9.324774101465617e+87
3.18367702032893e+88 2.251199610182368e+88
7.686076240693666e+88 5.434876630511298e+88
1.855582950171626e+89 1.3120952871204962e+89
4.4797735244126184e+89 3.167678237292122e+89
1.0815129998996862e+90 7.64745176170474e+89
2.6110033522406343e+90 1.8462581760701603e+90
6.303519704380955e+90 4.457261528310795e+90
1.5218042761002544e+91 1.076078123269175e+91
3.6739605226386046e+91 2.5978823993694295e+91
8.869725321377464e+91 6.271842922008034e+91
2.1413411165393534e+92 1.51415682433855e+92
5.1696547652164535e+92 3.6554979408779033e+92
1.248065064697226e+93 8.825152706094357e+92
3.013095605916097e+93 2.1305803353066615e+93
7.27425627652942e+93 5.1436759412227585e+93
1.7561608158974935e+94 1.2417932217752179e+94
4.239747259447929e+94 2.9979540376727112e+94
1.0235655334793351e+95 7.23770129712064e+94
2.471105792903463e+95 1.747335663191399e+95
5.965777119286261e+95 4.218441456094862e+95
1.4402660031475986e+96 1.0184218575381123e+96
3.477109718223823e+96 2.4586878606857107e+96
8.394485439595244e+96 5.935797578909533e+96
2.026608059741431e+97 1.4330283018504778e+97
4.892664663442387e+97 3.459636361591909e+97
1.1811937386626205e+98 8.352301025034297e+97
2.85165394366948e+98 2.01642384116605e+98
6.88450162600158e+98 4.86807778483553e+98
1.662065719567264e+99 1.175257941083711e+99
4.0125816017346855e+99 2.8373236606509747e+99
9.687228923036635e+99 6.84990526238566e+99
2.3387039447807955e+100 1.6537134185422294e+100
5.646130781865255e+100 3.992417363323025e+100
1.3630965508511306e+101 9.638548145188281e+100
3.290806179888787e+101 2.3269513653699587e+101
7.944708910628703e+101 5.617757545258745e+101
1.9180224001146193e+102 1.3562466455887448e+102
4.630515691292109e+102 3.2742690457033643e+102
1.1179053782698837e+103 7.904784736995474e+102
2.6988623256689784e+103 1.908383851969431e+103
6.515630029607841e+103 4.6072461776384095e+103
1.5730122384884658e+104 1.112287620724625e+104
3.7975874799377154e+104 2.6852998592130908e+104
9.168187198363896e+104 6.482887339150806e+104
2.2133961876665508e+105 1.5651074537514702e+105
5.343611095169491e+105 3.778503641418021e+105
1.2900618378005533e+106 9.122114736587512e+105
3.1144847851180554e+106 2.2022733114593044e+106
7.519031408036664e+106 5.31675809657736e+106
1.8152547601191384e+107 1.2835789504614024e+107
4.382412661041943e+107 3.0988337105805406e+107
1.0580080082203024e+108 7.481246371622483e+107
2.554257282544799e+108 1.8061326453825506e+108
6.1665225733099e+108 4.3603899279273494e+108
1.4887302429164597e+109 1.0526912501237248e+109
3.5941127431639094e+109 2.5414214930401846e+109
8.676955729244278e+109 6.135534236204094e+109
2.0948024201652466e+110 1.4812489965448372e+110
5.057300413254921e+110 3.576051416710084e+110
1.220940324667509e+111 8.633351829965006e+110
2.94761069066051e+111 2.0842755076640095e+111
7.116161705988529e+111 5.031886198324519e+111
1.7179934102637567e+112 1.2148047904313048e+112
4.147602991126366e+112 2.9327982006950615e+112
1.001319939251649e+113 7.080401191821428e+112
2.4174001776159346e+113 1.709360058433792e+113
5.8361202944835186e+113 4.1267602360497266e+113
1.4089640766582973e+114 9.962880530533246e+113
3.401540182764946e+114 2.405252129711622e+114
8.21204444218819e+114 5.806792312476568e+114
1.9825629067141324e+115 1.4018836754664757e+115
4.786330257647084e+115 3.384446582180608e+115
1.1555223422008299e+116 8.170776839827692e+115
2.7896777101663682e+116 1.972600026183599e+116
6.734877762533567e+116 4.7622777363499676e+116
1.62594332352335e+117 1.1497155498883534e+117
3.9253744233000566e+117 2.7756588734117033e+117
9.476692170123464e+117 6.70103329671176e+117
2.287875876354699e+118 1.6177725466835225e+118
5.523420969721744e+118 3.9056484230382214e+118
1.3334717815798188e+119 9.429069392759965e+118
3.2192856601318118e+119 2.2763787208558153e+119
7.772043101843442e+119 5.495664380987627e+119
1.8763371863818697e+120 1.326770748283107e+120
4.529878682948083e+120 3.2031079346649766e+120
1.0936094552278036e+121 7.73298661761306e+120
2.6402067787504156e+121 1.8669081169891096e+121
6.374023012728635e+121 4.507114895739525e+121
1.5388252804207685e+122 1.088113790846816e+122
3.715052862114401e+122 2.6269390712675846e+122
8.96893100464957e+122 6.341991933381985e+122
2.165291487141354e+123 1.5310922938031554e+123
5.227476074747664e+123 3.696383780944509e+123
1.2620243636636682e+124 8.923859855692173e+123
3.046796334802103e+124 2.1544103492328857e+124
7.355617033267874e+124 5.201206684034989e+124
1.775803040133785e+125 1.2556823717302862e+125
4.287167783594357e+125 3.031485411864071e+125
1.0350138607322498e+126 7.318653195458427e+125
2.4987444998239352e+126 1.7668791802780925e+126
6.03250286038012e+126 4.2656236801020275e+126
1.4563750220584176e+127 1.0298126540482147e+127
3.5160003301548474e+127 2.4861876761066325e+127
8.488375682368112e+127 6.00218800626148e+127
2.0492751694891073e+128 1.4490563688629593e+128
4.947387907215026e+128 3.4983315383520666e+128
1.1944050983919159e+129 8.445719445567093e+128
2.8835489875053345e+129 2.0389770429486252e+129
6.961503073402584e+129 4.9225260304539594e+129
1.6806555134310503e+130 1.1884029103856544e+130
4.057461334202359e+130 2.8690584238167044e+130
9.795578181835768e+130 6.926519758019063e+130
2.3648617697873894e+131 1.672209793985483e+131
5.709281357758355e+131 4.037071563772872e+131
1.3783424485304099e+132 9.746352921531227e+131
3.3276130328366556e+132 2.3529777406835328e+132
8.03356851420372e+132 5.680590773520188e+132
1.9394750061244096e+133 1.3714159287723908e+133
4.682306863669192e+133 3.3108909348968004e+133
1.1304088733462793e+134 7.993197798565992e+133
2.7290484330594777e+134 1.9297286532028785e+134
6.588505739465235e+134 4.658777086262356e+134
1.5906059911989946e+135 1.1247282825727591e+135
3.840062556344513e+135 2.7153342737717537e+135
9.270731103888021e+135 6.555396830116267e+135
2.2381524764120556e+136 1.5826127934004288e+136
5.403378063212913e+136 3.820765269812484e+136
1.3044908602837881e+137 9.224143333025397e+136
3.1493195268888676e+137 2.226905193586328e+137
7.603129914061524e+137 5.376224720475196e+137
1.8355579355011914e+138 1.297935463453672e+138
4.4314288624085346e+138 3.133493398954863e+138
1.069841566031826e+139 7.564922261363398e+138
2.582826018304506e+139 1.8263337921681658e+139
6.235493602640837e+139 4.4091598104726717e+139
1.505381322358618e+140 1.064465341311351e+140
3.63431200498132e+140 2.569846663669969e+140
8.77400533232126e+140 6.20415866865129e+140
2.118232266962384e+141 1.497816400097255e+141
5.1138650671568934e+141 3.616048667059639e+141
1.234596240127617e+142 8.729913734216533e+141
2.980578986970924e+142 2.1075876135492704e+142
7.195754214069465e+142 5.088166600520194e+142
1.7372087415109855e+143 1.228392081458966e+143
4.193992904428917e+143 2.9656008229699516e+143
1.012519455036882e+144 7.159593727398869e+143
2.4444382005166555e+144 1.7284788277767688e+144
5.901395856070193e+144 4.172917028293424e+144
1.424722991265704e+145 1.0074312884363617e+145
3.4395855681384273e+145 2.4321542797020657e+145
8.303894127542559e+145 5.871739847840494e+145
2.004737382322355e+146 1.4175633975383052e+146
4.839864177398966e+146 3.4223007798606602e+146
1.1684465737120287e+147 8.262164957259627e+146
2.8208795651639542e+147 1.9946630694379916e+147
6.810205704039937e+147 4.815542634601946e+147
1.6441290973243828e+148 1.1625748338641882e+148
3.9692787650527593e+148 2.806703931188571e+148
9.582686627429903e+148 6.775982696241331e+148
2.3134652019912565e+149 1.6358669323671234e+149
5.585199066725503e+149 3.9493321343583797e+149
1.3483863335442264e+150 9.534531201083883e+149
3.255292573761003e+150 2.3018394536526147e+150
7.858971481066232e+150 5.5571320274136176e+150
1.8973235535893466e+151 1.341610350847985e+151
4.580544255285316e+151 3.238933904437331e+151
1.1058412064159978e+152 7.819478159722647e+151
2.669736838360527e+152 1.8877890223882625e+152
6.445314883137052e+152 4.55752586074879e+152
1.5560366604634631e+153 1.1002840743885841e+153
3.7566048092406316e+153 2.6563207348520472e+153
9.069246278944726e+153 6.412925544092679e+153
2.1895097367130084e+154 1.5482171823037405e+154
5.2859441013204896e+154 3.737726919016749e+154
1.2761397939353987e+155 9.023671020337239e+154
3.080873998002847e+155 2.1785068959691226e+155
7.437887789941092e+155 5.259380893971969e+155
1.795664957788503e+156 1.2697268683913061e+156
4.335118694571115e+156 3.065391826179809e+156
1.0465902346930732e+157 7.400510520750924e+156
2.526692338843258e+157 1.7866412867681656e+157
6.099974912379589e+157 4.313333625611423e+157
1.4726642163602435e+158 1.0413308537991012e+158
3.555325923958446e+158 2.5139950701593447e+158
8.583316064277135e+158 6.0693209941177905e+158
2.072195805251272e+159 1.4652637058394927e+159
5.002723216930257e+159 3.5374595110907646e+159
1.2077642239111787e+160 8.540182728021023e+159
2.9158007695153834e+160 2.061782496713281e+160
7.039365762941945e+160 4.9775832662286645e+160
1.6994532295399275e+161 1.201694902917061e+161
4.1028430353740496e+161 2.9011481324569883e+161
9.905139300288025e+161 7.003991167831038e+161
2.39131216359501e+162 1.6909130468119062e+162
5.773138257218823e+162 4.0822252104069165e+162
1.3937588678032656e+163 9.855363467625739e+162
3.3648315613284134e+163 2.3792952145658395e+163
8.123421990460092e+163 5.744126775894253e+163
1.9611675542248596e+164 1.3867548766354344e+164
4.734677307495728e+164 3.347922430860294e+164
1.1430522169216316e+165 8.082599738356022e+164
2.759572164592836e+165 1.951312190757234e+165
6.6621965461073044e+165 4.71088435535007e+165
1.6083965256807445e+166 1.1373080901457375e+166
3.8830127059722195e+166 2.745704615826482e+166
9.374421937625183e+166 6.628717321798702e+166
2.2631856581222585e+167 1.6003139259423885e+167
5.463813510007035e+167 3.863499584064647e+167
1.319081267813633e+168 9.327313094071682e+167
3.1845438866279693e+168 2.251812577220801e+168
7.688169041069572e+168 5.436356463848771e+168
1.8560881968767114e+169 1.3124525504918343e+169
4.4809932978603804e+169 3.168540747368546e+169
1.0818074792597471e+170 7.649534045228926e+169
2.6117142883055324e+170 1.8467608837826396e+170
6.305236055870812e+170 4.458475172088172e+170
1.5222186400047156e+171 1.0763711227958985e+171
3.6749608855965128e+171 2.5985897628006143e+171
8.872140411197742e+171 6.2735506483971275e+171
2.1419241707991995e+172 1.514569105959487e+172
5.171062382718173e+172 3.656493276758686e+172
1.2484048936235545e+173 8.827555659476859e+172
3.013916025518926e+173 2.1311604595712404e+173
7.276236944661407e+173 5.145076485090167e+173
1.756638991484174e+174 1.2421313429751574e+174
4.240901677434489e+174 2.9987703344593316e+174
1.0238442346353153e+175 7.239672011893821e+174
2.4717786370140795e+175 1.7478114358246973e+175
5.967401508663474e+175 4.2195900728387764e+175
1.4406581654341026e+176 1.018699158150225e+176
3.4780564817345527e+176 2.4593573235843278e+176
8.396771128903208e+176 5.93741380531888e+176
2.027159873954097e+177 1.433418493422209e+177
4.893996860798515e+177 3.460578367376306e+177
1.1815153595551127e+178 8.354575228174821e+177
2.8524304051900768e+178 2.0169728823725947e+178
6.886376169935266e+178 4.869403287562671e+178
1.6625182745060607e+179 1.1755779457497937e+179
4.013674166005648e+179 2.8380962202558546e+179
9.689866606517357e+179 6.851770386261503e+179
2.3393407379040363e+180 1.654163699277886e+180
5.647668136459808e+180 3.9935044371819225e+180
1.3634677010823653e+181 9.64117257364173e+180
3.2917022158107117e+181 2.3275849584465384e+181
7.946872132703788e+181 5.61928717425725e+181
1.918544648121829e+182 1.3566159306961038e+182
4.6317765095140364e+182 3.2751605788179326e+182
1.1182097667149902e+183 7.906937088331969e+182
2.6995971843813837e+183 1.908903475548187e+183
6.517404135477758e+183 4.608500659929571e+183
1.57344054553369e+184 1.112590479540733e+184
3.7986215046151555e+184 2.6860310250744227e+184
9.170683554764e+184 6.484652529689578e+184
2.213998861414316e+185 1.565533608445358e+185
5.345066078305032e+185 3.779532469859674e+185
1.290413101802438e+186 9.124598548164706e+185
3.115332811435379e+186 2.2028729566189087e+186
7.521078724673197e+186 5.318205768054288e+186
1.815749026078177e+187 1.2839284492727485e+187
4.383605924623674e+187 3.0996774753509255e+187
1.0582960875325524e+188 7.483283399974599e+187
2.5549527675274722e+188 1.8066244275300123e+188
6.168201622587496e+188 4.3615771950574845e+188
1.4891356012702467e+189 1.0529778817644982e+189
3.5950913647992435e+189 2.542113483034745e+189
8.679318330868734e+189 6.137204847833989e+189
2.095372802653671e+190 1.4816523178702722e+190
5.058677438394215e+190 3.577025120523943e+190
1.2212727679442104e+191 8.63570255891816e+190
2.948413279727842e+191 2.0848430238360263e+191
7.118099327399894e+191 5.033256303563868e+191
1.718461193452763e+192 1.2151355630963762e+192
4.1487323196455153e+192 2.9335967565491393e+192
1.0015925832743794e+193 7.082329076194655e+192
2.4180583985133103e+193 1.7098254908938448e+193
5.837709380301e+193 4.1278838894071556e+193
1.4093477159115312e+194 9.965593269708156e+193
3.4024663698531623e+194 2.4059070428823467e+194
8.214280455617856e+194 5.8083734127355094e+194
1.9831027281088873e+195 1.4022653868353364e+195
4.78763350177956e+195 3.3853681149442237e+195
1.1558369731668008e+196 8.173001616723784e+195
2.7904372965115578e+196 1.973137134839179e+196
6.736711566189916e+196 4.763574431350737e+196
1.6263860428891393e+197 1.1500285997540654e+197
3.92644324239727e+197 2.7764146426432047e+197
9.47927252768368e+197 6.702857885040475e+197
2.288498829776463e+198 1.6182130412724154e+198
5.524924912321293e+198 3.906711871048878e+198
1.3338348654419048e+199 9.431636783370171e+198
3.220162222115939e+199 2.276998543778922e+199
7.774159309673783e+199 5.497160765894861e+199
1.8768480841463503e+200 1.3271320075568643e+200
4.531112099260079e+200 3.2039800917032145e+200
1.0939072282666508e+201 7.735092190963293e+200
2.64092566645931e+201 1.86741644736298e+201
6.37575856118527e+201 4.50834211382229e+201
1.539244278882985e+202 1.088410067500756e+202
3.716064413884497e+202 2.627654346383741e+202
8.971373106651979e+202 6.343718760268238e+202
2.1658810627188452e+203 1.5315091866920216e+203
5.2288994361028885e+203 3.697390249410867e+203
1.2623679934924622e+204 8.926289685513755e+203
3.0476259305952135e+204 2.1549969620438377e+204
7.357619854682889e+204 5.202622892639051e+204
1.7762865639960991e+205 1.256024274732194e+205
4.288335113460487e+205 3.032310838728293e+205
1.0352956790917073e+206 7.32064595218878e+205
2.4994248695294634e+206 1.7673602743105854e+206
6.034145418150634e+206 4.266785143840049e+206
1.456771570583073e+207 1.0300930561990683e+207
3.51695768298121e+207 2.4868646267821414e+207
8.490686936545492e+207 6.003822309763351e+207
2.0498331556072194e+208 1.4494509246308844e+208
4.948735004868988e+208 3.4992840802381035e+208
1.1947303165345193e+209 8.44801908510709e+208
2.8843341335559373e+209 2.0395322250452283e+209
6.963398583646394e+209 4.9238663586011656e+209
1.6811131300848725e+210 1.188726494224756e+210
4.058566118534385e+210 2.8698396243096285e+210
9.79824536715364e+210 6.928405742844013e+210
2.3655056852841663e+211 1.6726651109997653e+211
5.7108359072836965e+211 4.0381707962839314e+211
1.3787177499851561e+212 9.749006703567629e+211
3.328519090698682e+212 2.353618420341919e+212
8.03575593138252e+212 5.682137511040601e+212
1.9400030953463722e+213 1.371789344242312e+213
4.683581783830996e+213 3.311792439588684e+213
1.1307166663008364e+214 7.99537422341968e+213
2.729791510984772e+214 1.9302540886428043e+214
6.590299688270381e+214 4.660045599627577e+214
1.5910390887525535e+215 1.1250345287897958e+215
3.841108146332145e+215 2.716073617542349e+215
9.273255381416843e+215 6.557181763874494e+215
2.2387618909165833e+216 1.5830437145291338e+216
5.404849319974851e+216 3.821805605445717e+216
1.3048460530866284e+217 9.226654925420568e+216
3.1501770381707417e+217 2.227511545628685e+217
7.605200129428112e+217 5.377688583799427e+217
1.8360577297026965e+218 1.298288871322754e+218
4.432635472348204e+218 3.1343466010254504e+218
1.0701328674399104e+219 7.566982073373654e+218
2.5835292821146412e+219 1.8268310747772758e+219
6.237191431669193e+219 4.410360356891917e+219
1.5057912145453027e+220 1.064755178856111e+220
3.635301572257525e+220 2.5705463934014135e+220
8.776394359060352e+220 6.205847965658938e+220
2.118809029037823e+221 1.498224232471929e+221
5.115257493981681e+221 3.617033261509752e+221
1.2349324017001185e+222 8.732290755491433e+221
2.981390552798405e+222 2.1081614772492618e+222
7.197713507296928e+222 5.0895520300476663e+222
1.737681756739226e+223 1.2287265537344593e+223
4.195134864208144e+223 2.966408310473685e+223
1.0127951485155515e+224 7.161543174681829e+223
2.445103783451917e+224 1.7289494659837343e+224
5.903002715419386e+224 4.174053249435652e+224
1.425110921429069e+225 1.0077055964855038e+225
3.4405221144000764e+225 2.4328165179145728e+225
8.306155150229222e+225 5.873338632314649e+225
2.0052832414858522e+226 1.4179493782543872e+226
4.841181997994627e+226 3.4232326197402394e+226
1.1687647237475107e+227 8.264414617734867e+226
2.821647647294484e+227 1.9952061855209973e+227
6.8120600183364786e+227 4.816853832815481e+227
1.6445767683967442e+228 1.162891385115196e+228
3.970359538627136e+228 2.8074681535119402e+228
9.585295845651017e+228 6.777827692139077e+228
2.314095122992917e+229 1.6363123537790093e+229
5.586719830550936e+229 3.9504074767719263e+229
1.3487534784094789e+230 9.537127307322862e+229
3.2561789398740513e+230 2.302466209141765e+230
7.86111135815758e+230 5.558645149015816e+230
1.8978401656189213e+231 1.3419756507173397e+231
4.581791467053601e+231 3.239815816336261e+231
1.1061423099726124e+232 7.821607283389863e+231
2.6704637666505846e+232 1.8883030383115986e+232
6.447069843273781e+232 4.558766804962183e+232
1.5564603453198148e+233 1.1005836648235965e+233
3.757627674967008e+233 2.6570440101434116e+233
9.07171569525383e+233 6.41467168511042e+233
2.190105906547467e+234 1.548638738036425e+234
5.287383382620316e+234 3.738744644583892e+234
1.2764872671788098e+235 9.026128027204207e+234
3.0817128726196516e+235 2.1791000698992306e+235
7.439913012418113e+235 5.260812942518882e+235
1.7961538897455877e+236 1.2700725954936995e+236
4.336299080732986e+236 3.066226485239287e+236
1.046875205121156e+237 7.4025255659722735e+236
2.5273803183156106e+237 1.7871277617183834e+237
6.1016358417523774e+237 4.314508080033994e+237
1.4730652001820367e+238 1.0416143921786371e+238
3.556293984539311e+238 2.514679592360674e+238
8.58565316926066e+238 6.070973576899986e+238
2.0727600323060631e+239 1.4656626746160646e+239
5.004085381538192e+239 3.5384227069221277e+239
1.2080930795382446e+240 8.54250808846032e+239
2.9165946972303085e+240 2.0623438883842766e+240
7.041282473998862e+240 4.978938585614585e+240
1.6999159645228033e+241 1.2020221059613447e+241
4.1039601764454925e+241 2.901938070484148e+241
9.907836317413789e+241 7.005898246929641e+241
2.391963281127307e+242 1.6913734564343428e+242
5.774710193995993e+242 4.08333673756165e+242
1.3941383669119292e+243 9.858046931557642e+242
3.3657477532234576e+243 2.3799430600676934e+243
8.125633873358844e+243 5.745690813291151e+243
1.961701549994115e+244 1.3871324686649997e+244
4.7359664873241143e+244 3.3488340186591146e+244
1.1433634524642345e+245 8.084800505983229e+244
2.7603235536608803e+245 1.9518435030625574e+245
6.664010559785995e+245 4.712167056723437e+245
1.6088344673232869e+246 1.1376177616509432e+246
3.884069990625173e+246 2.74645222897423e+246
9.376974448573632e+246 6.6305222195994025e+246
2.2638018887772437e+247 1.6007496668173036e+247
5.4653012224118506e+247 3.864551555594547e+247
1.3194404333600943e+248 9.329852778006398e+247
3.185410988961374e+248 2.252425711160734e+248
7.690262411282842e+248 5.437836700122108e+248
1.8565935811527058e+249 1.3128099111404949e+249
4.4822134034336956e+249 3.1694034922932007e+249
1.0821020388020098e+250 7.651616895726896e+249
2.6124254179473887e+250 1.8472637283746992e+250
6.306952874696787e+250 4.459689146322088e+250
1.5226331167340964e+251 1.0766642021018876e+251
3.6759615209378716e+251 2.599297318835984e+251
8.87455615860984e+251 6.275258839773856e+251
2.142507383815755e+252 1.5149814998383695e+252
5.172470383492494e+252 3.6574888836541244e+252
1.2487448150800742e+253 8.829959267146618e+252
3.014736668509398e+253 2.1317407417947358e+253
7.27821815209887e+253 5.146477410304134e+253
1.7571172972707136e+254 1.2424695562403003e+254
4.2420564097513143e+254 2.999586853511014e+254
1.0241230116773343e+255 7.241643263262328e+254
2.4724516643298e+255 1.7482873380035672e+255
5.9690263403369345e+255 4.220739002333367e+255
1.441050434500367e+256 1.0189765342670303e+256
3.4790035030344275e+256 2.4600269687673973e+256
8.399057440569221e+256 5.9390304718018244e+256
2.027711838417287e+257 1.4338087912371046e+257
4.895329420891497e+257 3.4615206296543917e+257
1.181837068020028e+258 8.356850050545888e+257
2.853207078129206e+258 2.017522073074617e+258
6.888251224278441e+258 4.870729151203823e+258
1.662970952668609e+259 1.1758980375482264e+259
4.0147670277650617e+259 2.8388689902168353e+259
9.692505008198732e+259 6.853636017981897e+259
2.3399777044162525e+260 1.654614102618063e+260
5.649205909652378e+260 3.9945918070343154e+260
1.3638389523721008e+261 9.643797716686693e+260
3.292598495709439e+261 2.32821872404077e+261
7.949035943790979e+261 5.620817219750209e+261
1.9190670383291397e+262 1.3569853163541188e+262
4.6330376710373774e+262 3.276052354683259e+262
1.1185142380403894e+263 7.909090025720635e+262
2.7003322431845165e+263 1.909423240612453e+263
6.519178724409422e+263 4.60975548379697e+263
1.573868969200336e+264 1.1128934208206392e+264
3.7996558108416145e+264 2.6867623900209753e+264
9.173180590883566e+264 6.48641820086259e+264
2.2146016992608745e+265 1.5659598791746156e+265
5.346521457610106e+265 3.7805615784354905e+265
1.2907644614481087e+266 9.127083036045597e+265
3.1161810686572283e+266 2.2034727650526684e+266
7.523126598762565e+266 5.319653833709897e+266
1.8162434266182358e+267 1.284278043247246e+267
4.384799513112728e+267 3.100521469865482e+267
1.0585842452843692e+268 7.48532098297821e+267
2.555648441880011e+268 1.80711634358219e+268
6.169881129044391e+268 4.362764785462201e+268
1.4895410699968794e+269 1.0532645914506592e+269
3.596070252898198e+269 2.5428056614475387e+269
8.681681575793275e+269 6.138875914345737e+269
2.0959433404484748e+270 1.4820557490139012e+270
5.060054838476277e+270 3.577999089462376e+270
1.2216053017401028e+271 8.638053927938653e+270
2.9492160873278335e+271 2.085410694533968e+271
7.12003747639577e+271 5.0346267818618016e+271
1.7189291040119375e+272 1.2154664258257573e+272
4.149861955663452e+272 2.934395529837695e+272
1.0018653015338842e+273 7.084257485501147e+272
2.4187167986341137e+273 1.710291050083999e+273
5.839298898802112e+273 4.1290078487181124e+273
1.4097314596238335e+274 9.968306747520223e+273
3.403392809127878e+274 2.4065621343758557e+274
8.21651707787959e+274 5.8099549435037336e+274
1.9836426964887054e+275 1.4026472021383322e+275
4.78893710076537e+275 3.3862898986270376e+275
1.1561516898019444e+276 8.175226999392407e+275
2.7911970896804256e+276 1.9736743897411851e+276
6.738545869162796e+276 4.76487147942161e+276
1.6268288828006016e+277 1.1503417348584406e+277
3.927512352517483e+277 2.7771706176590424e+277
9.481853587835569e+277 6.704682970176526e+277
2.2891219528188622e+278 1.6186536558012095e+278
5.5264292644212816e+278 3.907775608620072e+278
1.3341980481661426e+279 9.434204873041353e+278
3.2210390227744135e+279 2.277618535470278e+279
7.77627609371497e+279 5.498657558244691e+279
1.877359121020435e+280 1.327493365195966e+280
4.532345851412367e+280 3.204852486216401e+280
1.0942050823845169e+281 7.737198337628768e+280
2.6416447499102705e+281 1.8679249161473937e+281
6.377494582205058e+281 4.509569666057664e+281
1.5396633914320385e+282 1.0887064248262721e+282
3.7170762410845825e+282 2.6283698162583106e+282
8.973815873601204e+282 6.345446057342894e+282
2.1664707988286993e+283 1.5319261930944097e+283
5.230323185017519e+283 3.6983969919231092e+283
1.2627117168863738e+284 8.928720176940628e+283
3.0484557522744996e+284 2.1555837345804366e+284
7.359623221435373e+284 5.2040394868549365e+284
1.7767702195145245e+285 1.256366270829031e+285
4.289502761172586e+285 3.033136490343555e+285
1.0355775741859695e+286 7.322639251516141e+285
2.5001054244891976e+286 1.7678414993375835e+286
6.035788423164364e+286 4.267946923826781e+286
1.4571682270817925e+287 1.0303735346991144e+287
3.517915296480021e+287 2.4875417617809067e+287
8.492998820041834e+287 6.005457058260928e+287
2.050391293656369e+288 1.4498455878302762e+288
4.950082469316921e+288 3.500236881486645e+288
1.1950556232290213e+289 8.450319350803566e+288
2.8851194933897345e+289 2.040087558309378e+289
6.965294610008491e+289 4.925207051699113e+289
1.6815708713406716e+290 1.1890501661707603e+290
4.059671203682192e+290 2.870621037511432e+290
9.800913278705057e+290 6.930292241193624e+290
2.3661497761092304e+291 1.673120551989868e+291
5.712390880088967e+291 4.039270328099099e+291
1.3790931536287165e+292 9.751661208188066e+291
3.32942539526633e+292 2.354259274447523e+292
8.037943944161377e+292 5.683684669713853e+292
1.9405313283589082e+293 1.372162861387523e+293
4.6848570511339545e+293 3.3126941897464314e+293
1.1310245430626818e+294 7.997551240880386e+293
2.730534791238759e+294 1.9307796671507205e+294
6.5920941255402e+294 4.66131445838948e+294
1.591472304231916e+295 1.125340858392968e+295
3.842154021017852e+295 2.716813162624884e+295
9.27578034626762e+295 6.558967183642736e+295
2.239371471355309e+296 1.5834747529910355e+296
5.40632097733738e+296 3.8228462243463445e+296
1.305201342603007e+297 9.229167201683725e+296
3.151034782939752e+297 2.2281180627713796e+297
7.607270908482511e+297 5.379152845711132e+297
1.8365576599904777e+298 1.2986423754193644e+298
4.433842410829206e+298 3.135200035409842e+298
1.070424248164889e+299 7.569042446239048e+298
2.5842327374126985e+299 1.8273284927887937e+299
6.238889722990286e+299 4.4115612302014926e+299
1.506201218339327e+300 1.0650450953191778e+300
3.636291408977683e+300 2.571246313658505e+300
8.778784036294692e+300 6.207537722636188e+300
2.1193859481567068e+301 1.498632175893088e+301
5.116650299942883e+301 3.618018124049795e+301
1.2352686548042473e+302 8.734668423992678e+301
2.982202339602783e+302 2.108735497203515e+302
7.199673334009812e+302 5.090937836806298e+302
1.738154900762241e+303 1.229061117081611e+303
4.196277134925463e+303 2.967216017843852e+303
1.0130709170613167e+304 7.163493152769315e+303
2.4457695476151796e+304 1.7294202323382482e+304
5.904610012291676e+304 4.175189779953428e+304
1.425498957219853e+305 1.0079799792245103e+305
3.4414589156688734e+305 2.4334789364443633e+305
8.3084167885576e+305 5.874937852113236e+305
2.0058292492784075e+306 1.4183354640670837e+306
4.842500177412575e+306 3.424164713345491e+306
1.1690829604103557e+307 8.266664890758066e+306
2.822415938561969e+307 1.9957494494861622e+307
6.813914837534294e+307 4.818165388048132e+307
1.6450245613630557e+308 1.1632080225582426e+308
+Inf +Inf
+Inf +Inf
+Inf +Inf
+Inf +Inf
+Inf +Inf
+Inf +Inf
+Inf +Inf
+Inf +Inf
+Inf +Inf
+Inf +Inf
+Inf +Inf
+Inf +Inf
+Inf +Inf
+Inf +Inf
+Inf +Inf
+Inf +Inf
+Inf +Inf
+Inf +Inf
+Inf +Inf
+Inf +Inf
+Inf +Inf
+Inf +Inf
+Inf +Inf
+Inf +Inf
+Inf +Inf
+Inf +Inf
+Inf +Inf
+Inf +Inf
+Inf +Inf
+Inf +Inf
+Inf +Inf
+Inf +Inf
+Inf +Inf
+Inf +Inf
+Inf +Inf
+Inf +Inf
+Inf +Inf
+Inf +Inf
+Inf +Inf
+Inf +Inf
+Inf +Inf
+Inf +Inf
+Inf +Inf
+Inf +Inf
+Inf +Inf
+Inf +Inf
+Inf +Inf
+Inf +Inf
+Inf +Inf
+Inf +Inf
+Inf +Inf
+Inf +Inf
+Inf +Inf
+Inf +Inf
+Inf +Inf
+Inf +Inf
+Inf +Inf
+Inf +Inf
+Inf +Inf
+Inf +Inf
+Inf +Inf
+Inf +Inf
+Inf +Inf
+Inf +Inf
+Inf +Inf
+Inf +Inf
+Inf +Inf
+Inf +Inf
+Inf +Inf
+Inf +Inf
+Inf +Inf
+Inf +Inf
+Inf +Inf
+Inf +Inf
+Inf +Inf
+Inf +Inf
+Inf +Inf
+Inf +Inf
+Inf +Inf
+Inf +Inf
+Inf +Inf
+Inf +Inf
+Inf +Inf
+Inf +Inf
+Inf +Inf
+Inf +Inf
+Inf +Inf
+Inf +Inf
+Inf +Inf
+Inf +Inf
+Inf +Inf
+Inf +Inf
+Inf +Inf
+Inf +Inf
+Inf +Inf
+Inf +Inf
+Inf +Inf
+Inf +Inf
+Inf +Inf
+Inf +Inf
+Inf +Inf
+Inf +Inf
+Inf +Inf
+Inf +Inf
+Inf +Inf
+Inf +Inf
+Inf +Inf
+Inf +Inf
+Inf +Inf
+Inf +Inf
+Inf +Inf
+Inf +Inf
+Inf +Inf
+Inf +Inf
+Inf +Inf
+Inf +Inf
+Inf +Inf
+Inf +Inf
+Inf +Inf
+Inf +Inf
+Inf +Inf
+Inf +Inf
+Inf +Inf
+Inf +Inf
+Inf +Inf
+Inf +Inf
+Inf +Inf
+Inf +Inf
+Inf +Inf
+Inf +Inf
+Inf +Inf
+Inf +Inf
+Inf +Inf
+Inf +Inf
+Inf +Inf
+Inf +Inf
+Inf +Inf
+Inf +Inf
+Inf +Inf
+Inf +Inf
+Inf +Inf
+Inf +Inf
+Inf +Inf
+Inf +Inf
+Inf +Inf
+Inf +Inf
+Inf +Inf
+Inf +Inf
+Inf +Inf
+Inf +Inf
+Inf +Inf
+Inf +Inf
+Inf +Inf
+Inf +Inf
+Inf +Inf
+Inf +Inf
+Inf +Inf
+Inf +Inf
+Inf +Inf
+Inf +Inf
+Inf +Inf
+Inf +Inf
+Inf +Inf
+Inf +Inf
+Inf +Inf
+Inf +Inf
+Inf +Inf
+Inf +Inf
+Inf +Inf
+Inf +Inf
+Inf +Inf
+Inf +Inf
+Inf +Inf
+Inf +Inf
+Inf +Inf
+Inf +Inf
+Inf +Inf
+Inf +Inf
+Inf +Inf
+Inf +Inf
+Inf +Inf
+Inf +Inf
+Inf +Inf
+Inf +Inf
+Inf +Inf
+Inf +Inf
+Inf +Inf
+Inf +Inf
+Inf +Inf
+Inf +Inf
+Inf +Inf
+Inf +Inf
+Inf +Inf
+Inf +Inf
+Inf +Inf
0
